interval: 1 # minutes

latitude: 51.5011652
longitude: -0.1423445

images: timelapse-images

shedcam-address: 192.168.1.40
